 AXIS = 3
 INTF_LOC =    0.572000   0.974000
